10034;22110
10045;20743
10045;1753
10045;18176
10045;11502
10049;16242
10049;64
10049;9267
10049;8602
10080;9831
10080;16242
10080;4755
10080;4376
10093;11502
10093;1405
10093;12728
10093;4806
10111;9222
10111;6876
10111;15897
10111;3981
10111;5399
10111;2072
10111;16532
10111;8294
10111;9261
10111;9831
10111;1691
10111;7137
10111;4638
10111;1176
10111;11540
10111;21448
10111;13509
10111;11642
10111;2608
10111;19464
10111;2742
10111;3373
10111;19482
10111;557
10111;2760
10111;4595
10111;174
10111;11854
10111;2645
10132;13509
10132;11854
10132;1711
10132;16118
10132;12037
10132;12131
10132;4595
10132;1720
10132;14719
10132;11721
10132;5399
10132;752
10132;6876
10132;1967
10132;1077
10132;11502
10132;12506
10132;14371
10132;11764
10132;9831
10132;18220
10132;9261
10132;4376
10132;3623
10132;19293
10132;2490
10132;19079
10132;2742
10132;557
10132;10731
10132;2760
10137;2608
10137;11502
10137;557
10137;1711
10137;19464
10137;11005
10137;2318
10137;4432
10137;19482
10137;10261
10137;12131
10137;9831
10137;9222
10137;6876
10137;5313
10138;6876
10138;19378
10159;9831
10159;13238
10159;2742
10159;16242
10159;12895
10159;3645
10159;8294
10159;2760
10159;5260
10159;20575
10159;12417
10159;8182
10178;115
10185;5383
10185;1367
10185;16242
10185;2137
10185;2179
10185;20812
10185;18621
10185;10261
10185;3834
10185;2318
10185;20020
10185;13509
10185;4875
10185;18500
10185;9198
10185;13367
10185;3636
10185;13401
10185;15829
10185;10138
10185;6535
10185;20575
10185;11069
10185;21666
1020;2318
1020;1715
1020;557
1020;1884
1020;9597
1020;1176
1020;15698
1020;13508
1020;1711
1020;17694
1020;796
1020;1753
10222;15929
10222;12506
10222;1782
10222;16242
10261;2760
10261;14441
10261;8195
10261;557
10261;15898
10261;10137
10261;12624
10261;10185
10261;6121
10261;4020
10320;16242
10320;19236
10320;1464
10320;12895
10320;21553
10320;18190
10320;6087
10320;7925
10320;3467
10320;6877
10320;6535
10320;10886
10320;8201
10320;11069
10320;10750
10348;11854
10352;16242
10352;1464
10352;19267
10367;12775
10372;15963
10372;5337
10372;796
10375;174
10375;2198
10551;2760
10551;10731
10551;8294
10551;19712
10551;15454
10551;20561
10551;9831
10551;117
10551;9346
10551;16242
10551;18500
10551;18057
10587;1464
10594;9831
10594;16046
10606;752
10606;11764
10653;16242
10653;5383
10653;20050
10653;16640
10653;5104
10731;6876
10731;2072
10731;11540
10731;9261
10731;19482
10731;2608
10731;2742
10731;5849
10731;5313
10731;1464
10731;15454
10731;20561
10731;9584
10731;11854
10731;15423
10731;18725
10731;2137
10731;2643
10731;6693
10731;10551
10731;19464
10731;8201
10750;6087
10750;854
10750;1608
10767;4595
10769;117
10769;12895
10769;9831
10769;6876
10769;2760
10769;13343
10769;16242
10769;14656
1077;5168
1077;115
1077;322
1077;1234
1077;2645
1077;752
1077;9831
1077;19482
10860;2072
10860;19712
10860;16242
10860;1608
10860;19464
10860;8602
10860;19483
10886;2760
10942;19483
10942;5849
10942;6121
11005;14208
11056;16242
11069;9150
11069;4752
11069;10185
11069;10860
11069;21367
11069;19050
11079;9182
11127;20356
11127;12913
11157;9040
11157;12750
11182;2608
11182;17694
11182;2742
11182;9597
11182;2760
11182;20157
11182;796
11214;6876
11214;4376
11268;6660
11268;2137
11289;14523
11290;1715
11344;14099
11377;16242
11377;2137
11377;6975
11377;5313
11377;20812
11377;8182
11377;20166
11377;19267
11377;3834
11377;11540
11377;21056
11377;14944
11377;757
11377;21320
11377;14501
11377;798
11377;2034
11393;18020
11393;10750
11405;6876
11460;6137
11473;14151
11473;10569
11485;2760
11485;2742
11496;8201
11496;2643
11496;10731
11496;754
11496;347
11496;15407
11496;6281
115;11721
115;1497
115;266
115;5399
115;1720
115;1077
115;347
115;9831
115;17159
115;854
115;20743
115;3981
115;13343
115;15897
115;14181
115;7137
115;8294
115;19464
115;12131
115;11502
115;557
115;2645
115;18220
11502;16532
11502;174
11502;1502
11502;2149
11502;1753
11502;1727
11502;2033
11502;505
11502;18261
11502;4638
11502;1558
11502;2198
11502;2608
11502;6707
11502;10045
11502;853
11502;1720
11502;2760
11502;9261
11502;9597
11502;20743
11502;6196
11502;6876
11502;18220
11502;11721
11502;4820
11502;3169
11502;557
11502;17159
11502;18176
11502;20152
11502;15393
11502;19464
11502;9384
11503;4595
11503;19712
11503;21056
11530;2072
11530;16118
11530;14194
11530;557
11530;944
11530;2760
11530;10731
11530;5168
11530;4820
11530;17694
11530;13921
11530;1077
11530;8320
11530;21448
11530;16242
11530;18725
11530;1711
11530;19483
11530;16041
11530;1464
11530;12506
11530;6087
11530;21056
11530;117
11530;5447
11540;2424
11540;10731
11540;14051
11540;1720
11540;1176
11540;8294
11540;9597
11540;505
11540;12037
11540;2072
11540;10111
11540;557
11540;11854
11540;2760
11540;9261
11540;6876
11540;9831
11540;814
11540;20050
11540;757
11540;14194
11540;16118
11540;19464
11540;14371
11540;19712
11540;11377
11540;5849
11540;117
11540;4376
11540;19483
11540;798
11540;2034
11540;2137
11540;1711
11540;16046
11540;9222
11540;16242
11540;64
11562;1711
11562;4595
11562;11721
11562;19482
11562;9831
11562;11502
11562;2931
11562;8218
11562;12506
11562;16118
11562;3623
11626;3759
11642;2072
11642;12131
11642;505
11642;11854
11642;9831
11642;557
11642;10731
11642;2760
11642;10111
11642;3373
11642;20667
11668;14194
117;9584
117;2072
117;15454
117;18220
117;14777
117;752
117;10137
117;9831
117;1234
117;19464
117;5313
117;19482
117;1367
11721;796
11721;2033
11721;2608
11721;18176
11721;322
11721;9261
11721;12131
11721;20743
11721;6196
11721;11502
11721;9384
11721;1720
11721;18220
1176;8604
1176;2493
1176;1715
1176;19486
1176;12037
1176;1020
1176;3300
1176;1464
1176;1720
1176;1234
1176;1884
1176;16688
1176;2618
1176;2034
1176;9584
1176;752
1176;6137
1176;15698
1176;2742
1176;6876
1176;2079
1176;2424
1176;505
1176;10111
1176;2072
1176;11642
1176;19482
1176;9831
1176;11854
1176;5399
1176;9261
1176;8294
1176;11721
1176;2760
1176;13509
1176;557
1176;9597
1176;1753
11854;174
11854;1464
11854;64
11854;5313
11854;505
11854;2931
11854;2424
11854;5399
11854;7137
11854;12037
11854;11642
11854;10731
11854;16091
11854;2072
11854;13509
11854;9831
11854;1176
11854;4638
11854;19482
11854;752
11854;6137
11854;12131
11854;2645
11854;2742
11854;10111
11854;21448
11854;557
11854;15454
11860;4376
11860;12895
11860;9371
11860;3373
11860;18076
11860;3645
11860;6121
11860;14154
11860;21078
11860;6087
11860;13509
11860;15383
11860;6876
11873;2931
11873;20166
11877;16242
11909;16242
1193;19486
1193;9261
1193;9831
1193;18725
1193;10137
1193;557
1193;5337
11940;2318
1196;9261
1196;12036
1196;3169
11985;5399
11986;14247
12037;796
12037;9304
12037;17694
12037;9597
12037;13508
12037;1715
12037;1464
12037;1884
12037;2318
12037;12038
12037;15698
12037;6876
12037;16688
12037;174
12037;1853
12037;19486
12037;8294
12037;8468
12037;12131
12037;11854
12037;2072
12037;19482
12037;2760
12037;9831
12037;7137
12037;5399
12037;18220
12037;752
12038;21552
12038;752
12038;2532
12038;12037
12038;15698
12038;5399
12038;19482
12038;1464
12038;796
12038;1853
12038;9831
12038;5168
12038;2742
12038;1234
12039;14194
12042;5849
12042;9222
12042;16242
12042;12895
12047;14325
12047;9150
12101;7137
12131;15571
12131;17159
12131;64
12131;11306
12131;1558
12131;5168
12131;15454
12131;12037
12131;11721
12131;505
12131;11642
12131;14194
12131;20289
12131;14181
12131;9261
12131;115
12131;18220
12131;796
12131;5399
12131;11854
12131;2645
12131;2742
12131;8294
12131;557
12131;2760
12131;2931
12131;4432
12131;752
12131;1711
12131;19464
12131;7137
12131;16242
12131;3623
12131;9831
12131;10137
12131;6876
12131;19482
12217;16242
12217;19489
12254;3134
12254;19140
1230;1884
1230;11306
1230;2318
1230;2760
1230;2034
1230;9597
1230;19486
1230;5399
1230;752
1230;2742
1230;9831
1230;6137
1230;19482
1230;12038
1234;266
1234;1715
1234;752
1234;347
1234;16532
1234;9597
1234;15698
1234;1853
1234;2318
1234;16118
1234;19486
1234;14325
1234;13508
1234;6929
1234;2072
1234;1884
1234;1711
1234;8294
1234;796
1234;12037
1234;12038
1234;1691
1234;19464
1234;3373
1234;9222
1234;1464
1234;1020
1234;6876
1234;20157
1234;9261
1234;5849
1234;5168
1234;16688
1234;505
1234;1176
1234;2799
1234;174
1234;6964
1234;2490
1234;944
1234;4820
1234;19482
1234;117
1234;557
1234;2760
1234;5399
1234;2742
12343;11854
12382;10750
12407;5032
12407;19483
12407;2760
12407;6531
12407;21448
12407;12506
12414;11496
12414;2931
12414;6121
12414;6281
12414;9831
12414;16242
12449;3623
12449;2760
12449;8633
12449;16242
12506;3623
12532;557
12568;14247
12624;20020
12624;9584
12624;2318
12624;10261
12642;12895
12642;21367
12642;13722
12642;6224
12686;6137
12686;4173
12686;2318
12686;5399
12686;1425
12723;17760
12723;2023
12723;8468
12723;4820
12723;7121
12723;2760
12723;12723
12723;1711
12728;9831
12728;10093
12750;18220
12750;2033
12750;11502
12750;2742
12750;2137
12750;21487
12750;19486
12790;1720
12832;3645
12848;15393
12848;4821
12848;2198
12848;11502
12848;17361
12848;4820
12848;2608
12848;18176
12848;9597
12848;5876
12848;1967
12876;2079
12876;12876
12876;2145
12876;8468
12876;7341
12892;12876
12895;7087
12895;19378
12895;20050
12895;1367
12895;6485
12895;6876
12895;12506
12895;9831
12895;1464
12895;4752
12895;17851
12895;21006
12895;9267
12895;8602
12895;4638
12895;18500
12895;16242
1291;19464
1291;16688
1291;21448
1291;19482
12919;22110
12951;16242
12951;9150
12951;6087
12951;10750
12989;17032
12989;9150
12989;9921
13039;2034
13040;20551
13040;8847
13040;8602
13085;16242
13107;100
13238;10159
13238;2760
13238;18076
13264;4752
13327;5313
13327;6281
13327;20172
13327;15383
13327;18725
13327;3077
13327;4638
13343;9831
13343;2760
13343;1367
13343;3645
13343;21078
13367;15829
13401;16242
13401;9222
13401;14194
13401;7629
13461;16331
13476;16242
13483;12506
13483;8218
13483;6937
13483;117
13483;20372
13483;19712
13483;16118
13499;2760
13499;22110
13508;19482
13508;1464
13508;752
13508;1753
13508;14325
13508;4820
13508;8294
13508;15698
13508;12037
13508;17047
13508;15393
13508;1715
13508;6137
13508;1234
13508;2760
13508;1176
13508;2051
13508;9831
13508;2318
13508;16532
13508;9468
13508;19486
13508;12038
13508;2072
13508;17694
13508;9597
13508;557
13508;1853
13508;1020
13508;17159
13508;2608
13508;796
13529;20166
13569;15525
13572;9371
13572;2137
13607;16242
13607;21020
13631;20933
13658;16242
1367;11502
1367;1967
1367;12895
13703;8294
13722;12642
13722;6884
13828;11642
13828;2072
13828;557
13828;2034
13865;9150
13865;18621
13865;20413
13865;18500
13865;14194
13865;13401
13865;8602
13902;4752
13902;12506
13921;12131
13955;20166
1405;14208
1405;10093
1405;2760
1405;9261
14051;7137
14051;11540
14051;2760
14051;11854
14057;2742
14060;18076
14060;21745
14073;796
14073;5085
14073;17047
14073;557
14111;4376
14140;3645
14154;16242
14154;2760
14181;752
14181;19482
14181;64
14181;505
14181;21448
14181;5399
14181;3981
14181;9831
14181;12131
14181;2742
14181;2760
14181;115
14182;13607
14194;1464
14194;2532
14194;19486
14194;5399
14194;11306
14194;2072
14194;64
14194;19482
14194;21448
14194;12131
14194;20050
14194;754
14194;19464
14194;19712
142;2608
14208;8314
14208;6876
14208;798
14208;10886
14208;18013
14208;20379
14208;4844
14208;20152
14208;2608
14208;14371
14208;3169
14208;557
14208;11721
14208;12895
14208;9261
14208;4978
14208;1234
14208;7610
14208;15398
14208;4376
14208;2137
14211;18621
14211;2318
14211;20020
14211;12215
14211;3636
14211;21666
14239;11503
1425;2742
1425;2318
1425;752
1425;9597
1425;796
14264;2742
14264;5861
14272;6706
14272;14194
14272;13509
14274;16242
14274;4376
14274;814
14274;13509
14274;15571
14274;3010
14312;2760
14312;15374
14321;16242
14325;13508
14325;1715
14325;19482
14325;6137
14325;1234
14325;17047
14325;2742
14325;4820
14325;796
14325;19486
14325;174
14325;1853
14325;2072
14325;15008
14325;5849
14325;2618
14325;9261
14325;4376
14325;12037
14325;9831
14325;5168
14325;10551
14325;9371
14325;12047
14325;757
14325;20954
14325;19035
14325;11854
14325;2760
14325;5191
14325;16242
14326;5313
14326;16242
14326;6087
14326;4752
14371;9384
14371;6876
14371;14208
14371;15398
14371;754
14371;19378
14371;20050
14387;1711
14394;17694
14394;9597
14394;18176
14394;9384
14394;11721
14394;11502
14416;14416
14421;4155
14421;5109
14441;2033
14441;11721
14494;16640
14494;15068
14501;12895
14501;754
14501;1464
14501;16688
14501;12506
14501;20020
14501;9831
14501;13902
14501;12919
14501;5337
14501;21116
14501;5400
14501;18151
14501;16242
14501;15898
14516;5876
14523;17091
14523;11289
14523;4822
14523;16242
14523;2760
14527;19236
14538;21378
14538;14944
14553;16242
14553;18190
14553;11540
14605;16242
14605;21116
14605;18876
14605;17340
14605;20075
1464;19482
1464;20157
1464;2318
1464;12036
1464;21552
1464;20728
1464;9597
1464;174
1464;3300
1464;1367
1464;17047
1464;2116
1464;20533
1464;5399
1464;2490
1464;493
1464;752
1464;5085
1464;6137
1464;15393
1464;2532
1464;2072
1464;2760
1464;17159
1464;1753
1464;16532
1464;2742
1464;3636
1464;505
1464;1425
1464;17694
1464;3373
1464;12037
1464;1176
1464;11854
1464;11502
1464;10111
1464;3981
1464;9261
1464;2034
1464;16118
1464;1853
1464;15698
1464;557
1464;16688
1464;6876
1464;64
1464;9831
1464;12895
1464;14194
1464;10731
1464;5861
1464;4638
1464;19486
14640;14208
14640;1711
14640;2760
14656;15949
14686;14208
14686;4376
14686;14501
14686;16242
14686;2318
14686;557
14719;10132
14719;16242
14738;16242
14774;18151
14777;4638
14777;5399
14777;2079
14777;117
14777;5849
14777;13327
14777;16242
14783;17140
14944;14538
14944;5740
14944;15266
14944;6121
14944;20812
14944;11377
14944;17918
14944;4743
14944;5628
14944;2931
1497;115
14988;16647
15008;1715
15008;19486
15008;1020
15008;14325
15008;1853
15008;12131
15008;5399
15008;18190
15009;16242
1502;796
1502;4820
1502;15393
1502;17694
1502;11502
1502;2198
1502;18176
1502;5876
1502;1967
1502;17361
1502;17159
15068;14494
15080;2760
15080;16242
15093;5047
15186;11503
15253;3645
15253;18076
15253;4350
15253;13828
15253;6214
15298;2760
15328;18220
15328;19267
15342;5764
15342;19464
15342;6196
15342;9384
15342;20918
15349;9371
15349;20050
15349;9384
15374;14312
15383;557
15383;4432
15383;8294
15383;2931
15383;3623
15383;14501
15383;9261
15383;12895
15383;1711
15383;9831
15383;21378
15383;5337
15383;6137
15383;15454
15383;12315
15383;10137
15383;18076
15383;2318
15383;20020
15383;13509
15383;9584
15383;1367
15383;2742
15383;6531
15393;1753
15393;1020
15393;1967
15393;2593
15393;2742
15393;2034
15393;17159
15393;16532
15393;1731
15393;1502
15393;2198
15393;9597
15393;6876
15393;2760
15393;18176
15393;3300
15393;4820
15393;1720
15393;20152
15393;11502
15393;9261
15393;2490
15396;20561
15396;6531
15396;8602
15405;2760
15405;11854
15405;18621
15405;12506
15405;557
15405;7919
15407;2857
15407;6137
15407;21078
15407;18261
15407;11496
15423;10731
15423;3623
15443;4376
15443;6087
15454;19464
15454;6876
15454;17159
15454;752
15454;9831
15454;1691
15454;10731
15454;17694
15454;1753
15454;1720
15454;2107
15454;557
15454;11502
15454;12131
15454;5399
15454;19482
15454;64
15454;2072
15454;2742
15454;5849
15454;13509
15454;5313
15454;6693
15454;17619
15454;1711
15454;11854
15478;9371
15478;2643
15478;2760
15478;6214
15480;1502
15525;7925
15525;13569
15525;12042
15525;16198
15539;3623
15539;11562
15553;4350
15553;8637
15557;9222
15557;16242
15557;9150
15557;3050
15557;11268
15571;2742
15571;19486
15571;2760
15571;12131
15571;2072
15571;11502
15571;9727
15571;14194
15571;14274
1558;9261
1558;9727
1558;796
1558;18013
1558;3851
1558;6196
1558;2760
1558;21064
1558;4595
1558;12895
1558;20179
1558;2684
1558;3747
1558;7610
1558;16046
1558;19079
1558;12728
1558;19482
1558;16242
1558;174
1558;2742
1558;13943
1558;12131
1558;19383
1558;15650
1558;6876
1558;11502
1558;19712
1558;11854
1558;2017
1558;19486
1558;20152
1558;12506
1560;263
1560;20157
1560;8604
1560;6707
1560;1967
1560;9261
1560;2760
15600;2957
15600;15315
15650;19482
15650;9831
15650;1558
15650;2760
15698;9597
15698;9261
15698;17694
15698;2116
15698;12037
15698;2318
15698;9222
15698;5399
15698;1020
15698;3300
15698;2618
15698;505
15698;6137
15698;2532
15698;19464
15698;2072
15698;15571
15698;8604
15698;21408
15698;2742
15698;17159
15698;1711
15698;16529
15698;1753
15698;752
15698;6876
15698;1176
15698;5168
15698;2760
15699;9597
15699;18013
15699;15929
15699;11854
15766;6087
15766;7925
15789;16242
15789;10750
15829;2137
15829;18076
15829;9150
15829;1711
15829;13509
15829;10185
15829;3636
15829;20575
15829;21666
15829;13367
15886;20372
15886;10137
15886;13943
15886;12895
15886;20667
15886;18594
15897;6876
15897;174
15897;16688
15897;9831
15897;2742
15897;2760
15897;10111
15897;9222
15897;5399
15897;854
15897;115
15897;2857
15898;10261
15898;5337
15898;11854
15898;14501
15898;5313
15898;2857
15898;18076
15898;10137
15898;3645
15898;2318
15898;9831
15898;13509
15898;3636
15906;5313
15906;20954
15929;2760
15929;10222
15949;16242
15949;14656
15963;6876
15965;1691
15965;2760
15965;18220
16059;6876
16059;18176
16059;2931
16059;18725
16059;10731
16059;16242
16070;4595
1608;10860
1608;10886
1608;17782
16091;2033
16091;16118
16091;11854
16091;20743
16091;9831
16091;6876
16118;2742
16118;15398
16118;2116
16186;14194
16198;4752
16207;16207
16207;6137
16207;2742
16207;9261
16223;1720
16238;17851
16238;15396
16242;754
16318;1720
16331;13461
16401;15396
16425;9597
16425;1967
16510;1753
16510;4638
16532;13508
16532;20743
16532;854
16532;174
16532;21448
16532;16688
16532;2532
16532;11502
16532;1711
16532;2072
16532;2079
16532;5973
16532;505
16532;2608
16532;10111
16532;17694
16532;17159
16532;18797
16532;6876
16532;18220
16532;2198
16532;1367
16532;1853
16532;6707
16532;2760
16532;9831
16640;10653
16640;14494
16643;12506
16647;14988
16647;2608
16647;21873
16647;798
16647;18513
16647;6137
16647;2742
16647;18076
16647;16242
16647;7925
16647;8877
16647;4376
16673;21116
16673;12506
16673;16242
16688;382
16688;1464
16688;5168
16688;9261
16688;1234
16688;20728
16688;2618
16688;1711
16688;944
16688;1176
16688;2033
16688;15897
16688;12037
16688;5399
16688;15454
16688;17159
16688;3299
16688;6876
16688;505
16688;6137
16688;2742
16688;557
16688;1291
16688;2532
16688;5447
16692;1691
16754;2760
16754;18176
16754;16242
16762;5400
16801;15478
16848;2742
16848;20166
16857;16242
16882;6137
16882;19267
16882;11503
16882;20050
16882;6876
16882;5861
16882;1367
16887;16242
16887;12895
1691;854
1691;17159
1691;11306
1691;18220
1691;266
1691;64
1691;2742
1691;2072
1691;17694
1691;13509
1691;10111
1691;17493
1691;322
1691;19464
1691;21226
1691;19482
1691;557
1691;4595
1691;11502
1691;21448
1691;1720
1691;9831
1691;11721
16946;12895
16946;64
16946;9432
16986;557
16986;9222
16986;19482
16986;2318
17006;752
17032;18057
17032;5104
17032;3467
17032;7692
17032;13607
17032;4752
17032;12989
17032;4180
17032;12650
17032;4742
17032;538
17032;16242
17032;10410
17032;6660
17032;12895
17047;4019
17047;13508
17047;11721
17047;9597
17047;17694
17047;1753
17047;4820
17047;2608
17047;3300
17047;2742
17047;796
17047;505
17047;2760
17047;557
17091;1711
17091;18261
17091;9831
17091;15398
17091;6876
17091;16242
17099;20640
17099;10886
1711;6876
1711;505
1711;1176
1711;5313
1711;12037
1711;16688
1711;5849
1711;11502
1711;2072
1711;1853
1711;17694
1711;2760
1711;2742
1711;8294
1711;19482
1711;12131
1711;9831
1711;752
1711;557
1711;12506
1711;21378
1711;15454
1711;11540
1711;16242
1711;9222
1711;21666
1711;19464
17129;11503
1715;12036
1715;2608
1715;8604
1715;16532
1715;17694
1715;2532
1715;20728
1715;1753
1715;1425
1715;3981
1715;15698
1715;9261
1715;1711
1715;5399
1715;12037
1715;2198
1715;2760
1715;10111
1715;1884
1715;1230
1715;557
1715;1598
1715;1234
1715;1464
1715;2116
1715;673
1715;2318
1715;20533
1715;2034
1715;1020
1715;1853
1715;6137
1715;17047
1715;8294
1715;263
1715;4173
1715;2742
1715;2023
1715;9831
1715;15008
1715;5168
1715;1176
1715;2072
1715;19486
1715;9304
1715;752
1715;13508
1715;14325
1715;19482
1715;21552
1715;9597
1715;505
1715;11290
17159;15393
17159;1691
17159;15698
17159;1502
17159;115
17159;2198
17159;854
17159;2033
17159;2608
17159;18176
17159;1367
17159;20743
17159;9597
17159;266
17159;6196
17159;8294
17159;1720
17159;9384
17159;4820
17159;5861
17159;11502
17159;6463
17159;6876
17159;7087
1720;174
1720;1711
1720;5399
1720;9831
1720;505
1720;2608
1720;115
1720;8468
1720;18176
1720;266
1720;853
1720;7341
1720;17159
1720;1691
1720;2490
1720;20743
1720;15393
1720;557
1720;11721
1720;19482
1720;20152
1720;11502
1720;20179
17202;3623
17258;5182
17303;754
1731;20152
1731;9597
1731;18176
1731;17361
1731;2149
1731;2198
1731;15393
1731;1367
17340;17891
17361;2198
17361;1731
17361;1502
17361;1967
17361;17159
17361;12848
17361;5876
174;9261
174;1234
174;19486
174;16532
174;8294
174;1853
174;19464
174;6876
174;2532
174;15897
174;2149
174;4820
174;505
174;2072
174;2760
174;2198
174;1502
174;9831
174;10111
174;1967
174;11502
174;2742
17419;19712
17419;2643
17439;557
17493;19464
17493;1691
17493;557
17493;9831
17493;4595
17493;2760
17497;557
1753;2318
1753;9597
1753;19486
1753;2742
1753;8604
1753;6876
1753;1884
1753;1020
1753;2760
1753;6137
1753;10045
1753;2424
1753;9261
1753;15698
1753;5399
1753;2033
1753;505
1753;1176
1753;2034
17532;16242
17619;2107
17619;1711
17619;21553
17619;16842
17619;15454
17619;19464
17619;16242
17619;17918
17619;17782
17619;6693
17668;18725
17668;4957
17668;754
17694;2318
17694;4173
17694;1853
17694;15568
17694;17047
17694;796
17694;1020
17694;2468
17694;20533
17694;1464
17694;2490
17694;1884
17694;16688
17694;2760
17694;1502
17694;1731
17694;1711
17694;2742
17694;2424
17694;19482
17694;1691
17694;5168
17694;6121
17694;2072
17694;15454
17694;11306
17694;9597
17694;8468
17694;17694
17710;493
17730;5313
17730;9371
17730;1711
17730;2742
17730;7919
17730;16041
17768;8473
17779;16242
17779;6835
17782;6693
17782;17619
17782;1608
17782;16842
17782;15454
17782;8468
17782;2318
17782;2022
17782;6121
17782;3169
17782;18500
17787;5313
17787;10569
17832;14214
17835;19535
17837;20533
17837;4638
17895;17159
17918;5447
17918;1464
17918;754
17918;12506
17918;21056
17918;14944
17918;17619
17918;10767
17918;10551
17918;5861
17950;20152
17950;17159
17950;13509
17950;5876
17950;7087
17950;6930
17999;18220
18013;11502
18013;20231
18020;10750
18057;2034
18057;796
18057;21448
18057;10551
18076;16842
18076;754
18076;13509
18076;16647
18076;15898
18076;20855
18076;21745
18076;15383
18076;14060
18076;6531
18151;14774
18151;14501
18151;6535
18151;20356
18151;19353
18160;6876
18160;21116
18160;7692
18160;10886
18160;18190
18176;1502
18176;6707
18176;2149
18176;18261
18176;2198
18176;2608
18176;10045
18176;1720
18176;2883
18176;1967
18176;13509
18176;20743
18176;9597
18176;15393
18176;8468
18176;4820
18176;11721
18176;6196
18176;3169
18176;20152
18176;1711
18176;17159
18176;19464
18176;796
18176;9261
18176;11502
18176;18176
18176;6876
18176;9384
18176;2742
18176;16242
18189;9597
18189;2608
18189;1464
18190;2137
18190;12876
18190;18160
18190;15008
18190;20166
18190;8847
18190;20812
18190;12042
18190;4180
18197;10750
18220;20533
18220;2017
18220;3373
18220;2023
18220;796
18220;1691
18220;6121
18220;2532
18220;16532
18220;64
18220;2079
18220;117
18220;2072
18220;505
18220;13509
18220;19482
18220;5399
18220;3623
18220;115
18220;4820
18220;12131
18220;12037
18220;6876
18220;2645
18220;3169
18220;2742
18220;19464
18220;11502
18220;752
18220;557
18220;11721
18220;2931
18220;9831
18220;2760
18220;2490
18220;2643
18221;11854
18247;9597
18247;1560
18248;17950
18261;17091
18261;12131
18261;11502
18261;19464
18261;18176
18261;6876
18261;9831
18261;9384
18283;6137
18283;9261
18286;16754
18303;16118
18303;2861
18303;19712
18387;1967
18487;16242
18487;4166
18487;16118
18490;16198
18490;20472
18500;4376
18500;19464
18500;12895
18500;754
18513;16242
1853;2318
1853;1715
1853;4173
1853;1234
1853;3981
1853;557
1853;2742
1853;6876
1853;2023
1853;13508
1853;9304
1853;796
1853;12038
1853;15008
1853;14325
1853;9261
1853;2079
1853;1464
1853;5168
1853;19486
1853;10111
1853;2490
1853;12037
1853;174
1853;6137
1853;2072
1853;1711
1853;19482
1853;17694
1853;4638
1853;2760
1853;16532
1853;9831
1853;18220
18570;12506
18570;3623
18570;752
18594;16242
18594;9150
18621;557
18621;13509
18621;5642
18674;1234
18716;4180
18716;5876
18725;12807
18725;7202
18725;6463
18725;7137
18725;13343
18725;2760
18725;14686
18725;2819
18725;17619
18725;20157
18725;14371
18725;11502
18725;9384
18725;9261
18725;347
18725;14352
18725;7300
18725;796
18725;7745
18725;2398
18725;12919
18725;8633
18725;13327
18725;21460
18725;14797
18725;17091
18725;9292
18725;16059
18725;16781
18725;2931
18725;6706
18725;15398
18725;557
18725;10372
18725;10731
18725;5505
18725;4994
18725;9831
18725;13509
18725;12545
18725;22013
18725;12036
18725;9739
18725;2608
18725;17950
18725;10159
18725;3623
18725;17668
18725;14501
18725;6835
18725;3456
18725;17099
18725;5628
18725;13703
18725;6933
18725;21311
18725;493
18725;13870
18725;5408
18725;5849
18725;10137
18725;11530
18786;6339
18792;16242
18792;4806
18795;7087
18797;2023
18797;8600
1884;263
1884;9597
1884;19486
1884;2318
1884;17694
1884;5168
1884;1020
1884;1230
1884;1598
1884;557
1884;15698
1884;8604
1884;2034
1884;1176
1884;1753
18844;8857
18876;16242
18876;14605
18912;22110
18986;3637
19023;5168
19023;18220
19035;2643
19041;2760
19041;16118
19050;16242
19050;1464
19050;19464
19050;5267
19050;11069
19066;2645
19066;6876
19069;19079
19079;14371
19079;16242
19079;14194
19079;10137
19079;9831
19079;12506
19079;3169
19079;19486
19079;18303
19079;11562
19079;3623
19079;6876
19079;2760
19125;7678
19125;19632
19160;2760
19160;3169
19166;16242
19166;1464
19236;6121
19236;20954
19236;5825
19236;14527
19236;10320
19236;8201
19267;6876
19267;4806
19267;20231
19267;5091
19267;14738
19267;8182
19293;2645
19293;2931
19293;9384
19293;11502
19293;493
19293;2760
19353;3467
19353;18151
19378;19378
19378;754
19378;12895
19383;6876
19383;14194
19407;9831
19464;505
19464;15698
19464;4595
19464;10111
19464;21226
19464;2819
19464;19482
19464;557
19464;8294
19464;7137
19464;2742
19464;6876
19464;11502
19464;2931
19464;12131
19464;2760
19464;18261
19464;18176
19464;12895
19464;9831
19464;9040
19464;11540
19464;14194
19464;18500
19464;1711
19464;16242
19464;5447
19482;1715
19482;1020
19482;6876
19482;1884
19482;12038
19482;1234
19482;347
19482;5447
19482;1727
19482;2424
19482;19486
19482;1853
19482;5168
19482;2116
19482;16118
19482;505
19482;14441
19482;15454
19482;7137
19482;14181
19482;944
19482;1291
19482;5313
19482;5584
19482;1691
19482;11502
19482;17694
19482;19293
19482;14194
19482;4638
19482;11306
19482;2072
19482;10731
19482;2608
19482;322
19482;10111
19482;11854
19482;1176
19482;18220
19482;12037
19482;5399
19482;5849
19482;4820
19482;64
19482;19464
19482;2645
19482;12131
19482;752
19482;2742
19482;557
19482;2760
19482;21448
19482;1720
19482;3623
19482;4595
19482;2931
19482;1711
19482;9831
19486;2034
19486;4173
19486;1715
19486;2760
19486;1691
19486;10111
19486;1425
19486;1230
19486;64
19486;12037
19486;2318
19486;15698
19486;9597
19486;21552
19486;1884
19486;12038
19486;174
19486;2742
19486;1464
19486;2532
19486;6876
19486;11502
19486;6137
19486;19482
19486;11306
19486;9831
19486;2072
19486;21448
19486;9371
19494;9384
19494;2760
19494;19464
19494;8294
19535;6087
19535;4638
19543;9885
19556;16242
19579;1367
19579;1967
19646;11503
19646;20172
19646;3834
19646;9222
19646;9261
19646;17091
19646;9831
19646;16242
19646;1367
19646;19464
19646;5447
19646;12506
19646;3623
19646;16692
19646;12895
19646;16118
19668;1464
19668;16242
19668;4743
19668;798
19668;2022
1967;2198
1967;2023
1967;15393
1967;7087
1967;1502
1967;17361
1967;12848
1967;3169
1967;8600
1967;18176
1967;20152
1967;2760
1967;2608
1967;2145
1967;174
1967;9597
1967;1967
1967;6876
1967;17159
1967;1560
1967;4820
1967;1367
1967;11502
1967;5876
19712;16118
19712;20372
19712;754
19712;4376
19712;11503
19712;14194
19748;22110
19748;20413
19748;20356
19748;5771
19838;11540
19886;6224
1995;5740
1995;17256
1999;10111
19993;3921
20050;7137
20050;4376
20050;10137
20050;19464
20050;20050
20050;12895
20050;6137
20050;1367
20050;18261
20050;16882
20050;14371
20050;5861
20050;10653
20050;11503
20050;14194
20075;64
20075;854
20075;9228
20075;14605
20075;17340
20075;10750
20075;4638
20152;1731
20152;3300
20152;2198
20152;9384
20152;6876
20152;15393
20152;5876
20152;18176
20152;11502
20152;5861
20152;14208
20152;4595
20152;9831
20157;493
20157;1020
20157;1464
20157;11721
20157;9597
20157;19486
20157;5168
20157;10983
20157;11182
20157;2239
20157;2538
20157;2034
20157;9261
20157;796
20157;15698
20157;2760
20157;20728
20157;2742
20157;1234
20157;7137
20157;2023
20157;7121
20157;2033
20157;13738
20157;505
20157;1560
20157;557
20157;6964
20157;16091
20157;115
20157;3981
20157;11502
20157;2490
20157;3373
20157;5210
20157;4376
20157;4166
20157;18725
20166;5313
2017;2318
2017;19486
2017;1176
2017;9597
2017;9831
2017;17694
2017;752
2017;18220
2017;15698
2017;6876
2017;796
2017;21552
2017;5399
2017;12728
2017;1558
2017;13943
2017;8633
20172;16242
20179;11502
20179;1558
20179;11854
20179;1720
20179;18176
2022;17782
2022;6693
2022;2931
2022;20166
2022;12506
2022;15454
2022;20561
2022;16242
2022;19668
2022;11540
2022;1367
2022;4376
2022;19483
2022;5447
20221;9384
20221;11502
2023;2318
2023;115
2023;1967
2023;557
2023;1715
2023;15698
2023;505
2023;854
2023;1367
2023;8294
2023;16532
2023;20533
2023;1853
2023;9597
2023;4471
2023;752
2023;2364
2023;6876
2023;10111
2023;3373
2023;19486
2023;12723
2023;5399
2023;5876
2023;2742
2023;543
2023;1795
2023;20157
2023;4820
2023;2760
2023;4005
2023;18220
20231;16242
20231;12750
20242;10886
20242;2179
20242;11393
20242;9228
20242;5771
20242;20075
20242;9060
20242;64
20242;19267
20242;6087
20242;3924
20242;4638
20242;10750
20242;1608
20242;5324
20242;3707
20281;2760
20281;4820
20281;17694
20281;174
20289;9597
20289;2760
20289;19464
20289;2742
20289;12131
20289;752
20289;1367
20289;13509
20289;1711
20289;6876
20289;9384
20289;11502
20289;1967
20289;557
20289;4820
20289;11721
20289;18176
20289;754
203;6876
2033;3373
2033;6137
2033;6876
2033;2742
2033;557
2033;16688
2033;174
2033;14208
2033;11502
2033;1753
2033;2490
2033;10111
2033;505
2033;2760
2033;14194
2033;9831
2033;11721
2033;9261
2034;1715
2034;263
2034;9597
2034;19486
2034;1230
2034;2072
2034;8604
2034;7121
2034;5168
2034;6876
2034;1884
2034;4595
2034;2760
2034;1176
2034;2424
2034;6137
2034;9222
2034;13039
2034;1753
2034;557
2034;9261
2034;11377
2034;8468
2034;11540
2034;8294
20356;22110
20356;20413
20356;5771
20356;19748
20360;6087
20372;11503
20372;18500
20372;16118
20372;4376
20372;12506
20372;19712
20372;3623
20372;16242
20379;798
20379;14208
2039;1961
20390;9150
20413;4752
20413;20356
20413;22110
20413;19748
20413;5771
20455;3791
20455;16242
20461;21116
20461;19884
20472;6876
20472;5876
20472;1967
20472;15393
20472;11502
20472;9371
20472;19267
20472;12895
20472;22110
20472;2137
20472;2760
20472;16242
20472;6087
20472;20241
20472;10860
20472;5861
20472;19712
20472;7087
20491;15393
2051;2742
20533;1884
20533;1715
20533;5085
20533;9597
20533;6137
20533;2532
20533;2318
20533;18220
20533;2023
20533;9831
20533;16532
20533;15698
20533;2760
20533;19486
20533;2198
20533;557
20533;1464
20533;796
20533;3373
20533;4173
20533;1753
20533;2742
20533;17694
20533;9261
20533;17837
20533;6876
20533;2618
20534;11502
20539;20855
20561;20855
20561;6975
20561;10731
20561;16242
20561;13529
20561;21553
20575;11540
20575;21666
20575;798
20584;14686
20584;17077
20584;16242
20587;19486
20587;4929
20627;21226
20627;1711
20627;557
20627;21448
20627;11502
20627;12037
20627;9831
20627;2645
20640;9261
20640;2318
20667;15407
20667;2931
20667;2760
20667;11642
20667;16242
2072;1425
2072;2106
2072;2318
2072;1715
2072;2116
2072;21552
2072;796
2072;13508
2072;944
2072;14325
2072;1464
2072;16688
2072;9597
2072;2034
2072;10731
2072;4173
2072;2079
2072;14441
2072;5168
2072;9222
2072;1727
2072;2198
2072;9384
2072;12131
2072;174
2072;1967
2072;854
2072;16532
2072;6707
2072;19464
2072;1853
2072;5399
2072;1291
2072;1720
2072;19486
2072;6876
2072;4432
2072;11306
2072;849
2072;6121
2072;1753
2072;10137
2072;2424
2072;17694
2072;15698
2072;1691
2072;2532
2072;15571
2072;6137
2072;3981
2072;754
2072;14181
2072;15454
2072;64
2072;5584
2072;7137
2072;4638
2072;14194
2072;505
2072;15008
2072;2608
2072;18220
2072;12037
2072;2645
2072;11540
2072;10111
2072;18176
2072;11642
2072;21448
2072;14208
2072;16118
2072;4820
2072;1367
2072;1176
2072;752
2072;2742
2072;11854
2072;3623
2072;11721
2072;1711
2072;8294
2072;9831
2072;19482
2072;557
2072;9261
2072;11502
2072;2760
2072;16242
20728;20157
20728;557
20734;20812
20737;8468
20737;11502
20737;18176
20743;9597
20743;2490
20743;2033
20743;557
20743;2034
20743;7137
20743;13509
20743;2742
20743;16091
20743;2116
20743;854
20743;115
20743;18176
20743;11502
20743;1720
20743;11721
2079;21552
2079;9222
2079;1753
2079;3300
2079;15698
2079;2034
2079;9261
2079;15460
2079;1853
2079;1464
2079;10111
2079;14194
2079;12037
2079;4820
2079;944
2079;17159
2079;752
2079;174
2079;16688
2079;543
2079;9584
2079;1176
2079;1020
2079;17694
2079;2072
2079;2532
2079;64
2079;16532
2079;19486
2079;115
2079;4638
2079;18220
2079;9831
2079;266
2079;11854
2079;14181
20812;16242
20812;22110
20812;12895
20812;18190
20812;11540
20812;13509
20812;5561
20812;5407
20812;14944
20812;14194
20812;15383
20812;9267
20812;10185
20812;20231
20812;6201
20812;1367
20812;15346
20812;14239
20812;4743
20812;19483
20831;2931
20855;18076
20855;20561
20894;7120
20933;19383
20933;6884
20933;13902
20933;18020
20933;15227
20933;17013
20933;21006
20933;13631
20933;13278
20933;10750
20933;17419
20933;4638
20933;13728
2095;19486
2095;19482
2095;9597
2095;2532
2095;5399
2095;6876
2095;2760
2095;505
2095;4596
20964;3981
20964;115
21006;8195
21006;12895
21006;8201
21006;7376
21006;11721
21006;7137
21006;3384
21006;9267
21006;6756
21006;10818
21006;11135
21006;3301
21006;7692
21020;12506
21020;21020
21020;12895
21020;3623
21020;2643
21020;814
21056;19712
21056;11503
21056;14247
21056;9746
21064;15398
21064;18261
21064;17091
21064;4595
21064;9384
2107;6693
2107;17619
2107;15454
21078;9222
21078;16242
21078;6876
21078;15407
21078;6087
21116;5447
21116;10569
21116;9371
21116;8182
21116;4180
21116;11540
21116;19464
21116;11754
21116;5825
21116;14501
21116;20461
21116;14605
21116;8201
21147;8174
21147;1367
2116;15698
2116;796
2116;2447
2116;6876
2116;9831
2116;16118
2116;19482
2116;2742
2116;20743
21181;6196
21181;6281
21226;8294
21226;9384
21226;4595
21226;9261
21226;9597
21226;557
21226;11502
21226;20627
21226;19464
21226;9831
21226;1691
21258;11854
21258;5399
21261;11540
21261;4180
21261;2643
21261;12775
21261;13343
21261;7432
21261;18220
21261;9831
21261;2760
21285;1711
21302;21448
21302;2760
21320;12895
21320;9371
21320;4806
21320;19267
21320;14656
21320;5861
21367;10185
21367;9060
21367;8241
21367;11069
2137;11377
2137;13572
2137;18190
2137;4166
2137;64
2137;16242
2137;4806
2137;7925
2137;12417
2137;14194
21378;17851
21378;2857
21378;1711
21378;11460
21378;21448
21392;16242
21408;6876
21408;174
21408;15698
21448;14181
21448;1691
21448;11854
21448;2760
21448;18057
21448;557
21448;8624
21448;3042
21448;4595
21448;8633
21448;21378
2145;9261
2145;9831
2145;6876
2145;2033
2145;7137
2145;5085
2145;12848
2145;12876
2145;7717
2145;4821
2145;7121
2145;1967
21467;5260
21475;5201
21487;9261
21487;19378
21487;12750
21504;7547
21504;19483
21504;15454
21552;493
21552;2742
21552;9597
21552;2760
21552;1715
21552;15698
21552;12038
21552;1425
21552;2079
21552;6876
21553;4752
21553;15454
21553;20561
21553;9831
21553;14925
21553;17619
21553;6693
21553;10320
21579;13865
21629;16242
21666;12506
21666;11503
21666;11540
21666;13509
21666;19483
21723;3373
21723;3169
21742;17851
21745;18076
21788;22110
21790;5260
21790;12542
21790;18245
21857;3470
21864;3636
21873;1367
21873;9222
21968;6196
21968;11502
2198;2072
2198;1502
2198;2149
2198;17159
2198;8294
2198;1731
2198;6707
2198;17361
2198;505
2198;2198
2198;6876
2198;4821
2198;11502
2198;2608
2198;15393
2198;18176
22006;12895
22006;8602
22077;3747
22077;16242
22077;6876
22077;11503
22085;12895
22110;19712
22110;16242
22110;6087
22156;18176
2236;15393
2236;4820
2236;6707
2236;6876
2236;2198
2285;557
2285;6137
2285;5168
2318;15393
2318;6876
2318;1715
2318;1853
2318;2072
2318;21552
2318;1234
2318;1753
2318;17694
2318;752
2318;12037
2318;6137
2318;2742
2318;5399
2318;9597
2318;15698
2318;9831
2318;9261
2318;2760
242;5399
242;174
2424;9597
2424;2034
2424;19482
2424;9831
2424;17694
2424;6137
2424;4820
2424;1753
2424;11502
2424;2072
2424;4432
2424;15698
2424;5168
2424;10731
2424;10045
2424;1176
2424;11854
2424;13509
2424;11540
2424;557
2424;2760
2424;2608
2424;10111
2465;19482
2468;17694
2490;1464
2490;11502
2490;2198
2490;17694
2490;19486
2490;1853
2490;9597
2490;2742
2490;174
2490;3373
2490;20743
2490;15698
2490;2033
2490;20157
2490;1720
2490;3169
2490;4820
2490;557
2490;18220
2490;2760
2490;15393
2493;22110
2608;2149
2608;64
2608;17159
2608;6707
2608;15393
2608;11721
2608;505
2608;2198
2608;11502
2608;1720
2608;18176
2608;7137
2608;2072
2608;19482
2608;10731
2608;13509
2608;10111
2618;796
2618;2760
2618;20533
2618;9597
2618;1711
2618;8604
2618;16688
2618;1176
2618;17159
2618;17694
2618;5168
263;7121
263;17047
263;2034
263;1715
263;1560
263;6137
263;15698
264;5313
264;9831
264;9222
264;12215
264;1711
264;11854
2643;18220
2643;10731
2643;2179
2643;21056
2643;17419
2643;814
2643;21020
2643;7859
2643;16242
2645;17159
2645;754
2645;2072
2645;9597
2645;21226
2645;3623
2645;11764
2645;5849
2645;11854
2645;4820
2645;13509
2645;4432
2645;6876
2645;19464
2645;4595
2645;1691
2645;752
2645;115
2645;8468
2645;14371
2645;21285
2645;1720
2645;19482
2645;1711
2645;2760
2645;15407
2645;1234
2645;21448
2645;2819
2645;5399
2645;20627
2645;557
2645;4180
2645;10111
2645;19293
2645;18220
2645;1077
2645;12131
2645;20379
2645;11721
2742;12037
2742;1020
2742;21552
2742;4173
2742;8604
2742;1884
2742;1715
2742;14325
2742;15393
2742;1853
2742;2318
2742;5313
2742;20728
2742;12038
2742;9727
2742;1753
2742;734
2742;14073
2742;17047
2742;9222
2742;8293
2742;5813
2742;20533
2742;944
2742;2033
2742;1464
2742;2023
2742;9304
2742;15698
2742;15897
2742;16688
2742;2051
2742;16207
2742;5085
2742;7131
2742;2532
2742;17694
2742;1727
2742;19486
2742;2490
2742;15571
2742;1691
2742;1176
2742;5168
2742;6137
2742;12750
2742;2116
2742;64
2742;17159
2742;5849
2742;6707
2742;16118
2742;20743
2742;2072
2742;10731
2742;3373
2742;505
2742;8468
2742;347
2742;9261
2742;10111
2742;20289
2742;9597
2742;3981
2742;14181
2742;11306
2742;11854
2742;6196
2742;4144
2742;12131
2742;19482
2742;18220
2742;752
2742;557
2742;2931
2742;1711
2742;19464
2742;3623
2742;4180
2742;9831
2742;8218
2742;15454
2742;1558
2742;174
2742;19378
2742;1234
2742;10159
2742;4020
2742;5876
2742;3645
2742;17730
2742;6937
2742;796
2742;13509
2742;16842
2742;15383
2742;2760
2742;4166
2742;8294
2760;21552
2760;2318
2760;1464
2760;2608
2760;20157
2760;1853
2760;796
2760;1560
2760;2532
2760;12037
2760;3373
2760;11854
2760;17694
2760;1753
2760;2033
2760;6137
2760;1176
2760;11306
2760;19486
2760;1711
2760;10137
2760;15698
2760;6707
2760;64
2760;3981
2760;2072
2760;505
2760;2034
2760;2424
2760;5399
2760;11642
2760;2760
2760;1967
2760;10111
2760;1367
2760;4820
2760;1720
2760;15393
2760;2645
2760;752
2760;18220
2760;6876
2760;21448
2760;19482
2760;12131
2760;19293
2760;9384
2760;4595
2760;1558
2760;754
2760;11502
2760;557
2760;9261
2760;16118
2760;4376
2760;8294
2760;1608
2760;2742
2760;9831
2795;5399
2795;1291
2799;20533
2799;12037
2819;3623
2819;19464
2819;2645
2819;19482
2819;9831
2819;2760
2819;18725
2832;18261
2857;16242
2857;12895
2857;754
2857;16842
2857;18261
2857;2318
2857;13509
2857;9384
2861;18303
2861;8468
2861;18176
2883;2608
2883;15393
2883;6707
2883;2760
2883;11502
2883;9597
2883;18176
2883;853
2883;11721
2926;9831
2931;3169
2931;6876
2931;19293
2931;21448
2931;11721
2931;1691
2931;752
2931;18220
2931;16118
2931;8294
2931;12131
2931;19482
2931;1711
2931;14208
2931;2742
2931;11502
2931;11562
2931;12506
2931;557
2931;15383
2931;754
2931;12895
2931;9831
2931;11854
2931;2760
2931;3623
2931;19464
2931;5313
2931;16242
2955;17013
2957;15600
2978;16688
2978;16242
2978;7137
2984;854
2984;10750
3010;14274
3042;21448
3042;16242
3044;12131
3044;13401
3044;5447
3050;16242
3050;19464
3050;15557
3077;4376
3134;4376
3134;16242
3134;21116
3134;17032
3134;18190
3134;6087
3134;8969
3134;17007
3134;12254
3169;6196
3169;18176
3169;2760
3169;6463
3169;18220
3169;4820
3169;15393
3169;11502
3169;3169
3203;6876
3203;2931
3203;14763
3203;10551
3203;1711
3203;20413
3203;15454
3203;4376
3203;14501
322;9831
322;11306
322;1077
322;19482
322;1691
322;11502
322;11721
322;2760
322;6196
322;3373
322;16118
3299;9584
3300;6137
3300;9597
3300;18176
3300;15495
3300;15393
3300;1967
3300;8005
3300;1558
3300;11721
3300;557
3300;11502
333;18220
3373;9597
3373;2023
3373;1884
3373;1711
3373;2116
3373;7121
3373;796
3373;1234
3373;564
3373;20533
3373;944
3373;15393
3373;1367
3373;5085
3373;382
3373;5399
3373;1464
3373;6137
3373;1753
3373;1967
3373;2072
3373;174
3373;4432
3373;19482
3373;2034
3373;18220
3373;7137
3373;6707
3373;2490
3373;1691
3373;505
3373;2033
3373;2608
3373;798
3373;20157
3373;9831
3373;1720
3373;15963
3373;14208
3373;6876
3373;11721
3373;16118
3373;10111
3373;557
3373;4820
3373;11502
3373;4638
3373;322
3373;4376
3373;21723
3373;3169
3373;2931
3373;10551
3373;2137
3373;3636
3373;2760
3373;12895
3373;3645
3373;11860
3373;16242
3373;9261
3373;9371
3373;11642
3384;21006
3384;7610
347;1464
347;19486
347;2742
347;13509
347;4638
347;557
347;8294
347;11502
347;19482
347;2760
3470;21857
3480;1367
349;2760
349;6876
349;174
349;8294
3558;2760
3558;13509
3623;14181
3623;752
3623;18220
3623;12131
3623;1711
3623;2742
3623;4432
3623;11562
3623;9261
3623;9222
3623;12506
3636;14211
3636;16242
3636;2137
3636;19712
3636;18621
3636;12506
3636;2318
3636;13509
3636;15898
3636;1691
3636;10185
3637;18176
3637;19383
3645;2608
3645;19712
3645;3623
3645;14194
3645;9222
3645;9584
3645;14501
3645;4595
3645;18792
3645;15253
3645;12532
3645;10159
3645;16118
3645;18261
3645;17159
3645;10551
3645;9498
3645;1234
3645;16882
3645;16754
3645;15454
3645;21427
3645;493
3645;2318
3645;64
3645;21392
3645;9261
3645;13343
3645;12506
3645;21311
3645;16046
3645;213
3645;347
3645;12036
3645;10137
3645;15958
3645;2034
3645;6937
3645;796
3645;5714
3645;9831
3645;13698
3645;2742
3645;15898
3645;16781
3645;5407
3645;6796
3645;11990
3645;7087
3645;5447
3645;16842
3645;538
3645;5432
3645;16242
3645;2931
3645;3373
3645;21285
3645;5313
3645;1464
3645;16647
3645;13780
3645;10731
3645;2531
3645;6868
3645;12832
3645;11860
3645;5876
3645;21629
3680;16242
3707;10750
3707;2742
3707;2760
3707;11503
3707;6087
3707;21006
3707;20455
3709;3728
3709;10750
3728;6087
3747;20397
3759;16242
3759;19712
3759;754
3759;4752
3759;6087
3759;10750
3791;20455
3791;17851
3791;6660
3801;1711
3801;12131
3801;16242
3801;2931
3801;10137
3801;6137
3801;5447
3801;15454
3801;20020
382;16688
382;3373
3834;9222
3834;2318
3834;6876
3834;5849
3888;12750
3921;19993
3924;18190
3981;19486
3981;1853
3981;796
3981;11306
3981;614
3981;2034
3981;10111
3981;854
3981;2072
3981;1753
3981;505
3981;9831
3981;17159
3981;11502
3981;20157
3981;7137
3981;557
3981;20964
3981;18500
3981;8294
3981;2742
3981;14181
3981;3300
3981;5210
3981;18176
3981;21285
3981;4638
3981;2760
3981;115
4020;21448
4020;17091
4020;19486
4020;10138
4020;2742
4020;14501
4020;1193
4020;2318
4020;9584
4020;9831
4020;13509
4020;9222
4020;15898
4020;6137
4020;15008
4020;19537
4020;16842
4020;2931
4020;10261
4047;4056
4124;9384
4155;14421
4166;8294
4166;9371
4166;2742
4173;12686
4173;17694
4173;9597
4173;1715
4173;2742
4173;19486
4173;20533
4173;9831
4173;2072
4173;5849
4180;2819
4180;19464
4180;557
4180;12131
4180;4166
4180;8218
4180;2742
4180;11502
4180;19494
4180;14371
4180;4595
4180;5849
4180;19483
4180;3623
4180;19482
4180;14208
4180;10137
4180;18220
4180;21261
4180;5313
4180;9222
4180;9831
4180;13509
4180;3169
4180;6876
4180;2760
4180;16242
4248;16242
4248;2179
4248;18020
4248;5260
4248;16041
4278;1367
4292;16242
4324;3623
4337;12131
4350;15253
4350;6087
4350;757
4350;13337
4350;15553
4361;14501
4376;15398
4376;19378
4376;6196
4376;8320
4376;754
4376;14208
4376;14371
4376;6975
4376;814
4376;20372
4376;11540
4376;18500
4376;16118
4376;19712
4384;11502
4402;5399
4405;6937
4405;8867
4432;2072
4432;11721
4432;19464
4432;557
4432;19482
4432;6876
4432;11502
4432;12131
4432;1711
4432;14686
4432;16242
4432;10137
4432;8294
4432;5313
4432;9831
4432;5849
4432;9261
4432;2760
4432;3623
4432;2931
4432;19483
4432;2318
4471;2023
4471;796
4471;557
4471;20743
4471;7137
4471;5168
4471;2760
4472;4628
4492;2760
4518;7692
4518;5535
4556;538
4556;6706
4556;10860
4556;21020
4556;17851
4556;16242
4595;5032
4595;8294
4595;64
4595;21226
4595;10111
4595;5399
4595;11562
4595;557
4595;19482
4595;1558
4595;2760
4595;21448
4595;5861
4595;19464
4595;13509
4595;9831
4596;8293
4596;2095
4628;15227
4638;16532
4638;6876
4638;1464
4638;1853
4638;2079
4638;9831
4638;7137
4638;11502
4638;10111
4638;4820
4638;16242
4638;557
4638;9222
4638;854
4638;15897
4638;11854
4638;3981
4638;2760
4694;20613
4742;17013
4743;14944
4743;20812
4752;20516
4752;16242
4752;9261
4752;1711
4752;6693
4752;6214
4752;5187
4752;4376
4752;19712
4752;12895
4752;9150
4752;64
4752;21553
4752;20954
4752;4180
4752;19483
4752;15396
4752;13264
4752;11069
4752;14247
4755;10080
480;21552
480;19482
480;752
4806;18220
4806;1464
4806;16242
4806;757
4806;6201
4806;3077
4806;16119
4806;1367
4820;796
4820;3300
4820;543
4820;17694
4820;2072
4820;6137
4820;1502
4820;5399
4820;2149
4820;2198
4820;6707
4820;505
4820;1367
4820;9597
4820;9831
4820;2645
4820;17159
4820;11721
4820;20743
4820;18220
4820;2760
4820;9261
4820;1967
4820;5876
4820;557
4820;15393
4820;6876
4820;11502
4820;9384
4820;20152
4820;18176
4821;2198
4821;1967
4821;11642
4821;9261
4875;4742
493;3300
493;2033
493;11540
493;8201
493;3645
493;17710
493;18725
4957;17668
4975;697
4978;14208
4994;18725
5025;5447
5025;16242
5025;10551
5025;4082
5025;17743
5027;14194
5032;4595
5032;16242
505;17694
505;19486
505;2318
505;1715
505;20157
505;15698
505;796
505;2095
505;5168
505;17159
505;1464
505;16688
505;266
505;1711
505;6137
505;174
505;64
505;3981
505;6876
505;2760
505;7137
505;5399
505;11502
505;1753
505;12131
505;3373
505;2033
505;14181
505;9831
505;9597
505;4638
505;2608
505;1691
505;2072
505;1720
505;11642
505;557
505;11721
505;18176
505;11540
505;11854
505;1176
505;18220
505;2742
5053;16242
5085;1464
5085;796
5085;14073
5085;3373
5085;2742
5085;2145
5085;557
5085;6707
5085;9261
5085;6876
5091;19267
5091;13278
5104;16242
5104;21116
5104;21297
5104;5109
5104;10653
5104;19849
5104;20242
5104;13040
5109;6660
5168;1715
5168;1020
5168;9222
5168;1884
5168;12038
5168;5399
5168;505
5168;2034
5168;1753
5168;16688
5168;9831
5168;17159
5168;15698
5168;4471
5168;2742
5168;2760
5168;17694
5168;11306
5168;2424
5168;9261
5168;12131
5169;16242
5182;17258
5191;64
5191;11503
5194;10731
5242;8182
5242;18176
5242;9228
5278;6877
5313;2742
5313;1711
5313;2072
5313;5399
5313;2033
5313;10137
5313;1234
5313;1367
5313;14194
5313;2931
5313;10731
5313;20166
5313;15454
5313;814
5313;2179
5313;11854
5313;5849
5313;2318
5313;9831
5313;20050
5313;11377
5313;19483
5313;19482
5313;117
5337;13658
5337;16242
5337;1367
5337;5313
5337;2857
5337;18076
5337;10137
5337;16842
5337;10372
5337;15898
5337;15383
5337;14501
5337;12315
5364;11854
5364;752
5364;10731
5370;16242
538;854
538;15093
538;6706
5383;6087
5383;10185
5383;16640
5383;16318
5383;10653
5383;7629
5383;11909
5383;6214
5383;6674
5383;10886
5383;1608
5399;2318
5399;796
5399;15698
5399;9222
5399;8294
5399;4820
5399;12037
5399;14194
5399;19482
5399;14181
5399;21448
5399;3623
5399;11854
5399;12775
5399;10111
5399;2760
5399;4402
5399;9261
5399;557
5399;18220
5399;8468
5399;12131
5400;14501
5407;1367
5407;115
5407;6281
5408;18725
5432;117
5432;16242
5432;3645
5447;752
5447;2760
5447;19486
5447;9831
5447;19464
5447;14194
5451;16242
5463;2760
5494;9707
5505;10137
5505;18725
5530;1367
5530;16242
5530;9831
5535;11503
5535;9040
5561;20812
557;12319
557;734
557;2034
557;15454
557;854
557;5085
557;9831
557;6137
557;16986
557;18621
557;20743
557;505
557;3981
557;5399
557;1720
557;1176
557;11540
557;10111
557;17159
557;2645
557;3300
557;6876
557;12131
557;2760
557;8294
557;18220
557;752
557;19464
557;7087
557;2742
557;19482
557;1711
557;754
557;557
557;11502
557;2072
557;2931
557;11854
557;14208
557;12506
557;10137
557;9584
557;21448
557;9222
557;13509
557;10261
557;9261
5584;4595
5584;1720
5584;10045
5584;9831
5584;7137
5584;2072
5584;4638
5584;3300
5584;19482
5584;2760
5584;19464
5628;10731
5628;11460
564;9222
5642;18621
5651;6121
5660;5660
5675;20166
5689;9222
5689;1731
5727;8471
5736;6674
5771;20413
5771;20356
5771;22110
5771;20242
5771;19748
5813;12037
5813;2742
5813;5399
5813;174
5825;21116
5825;19236
5849;14325
5849;1234
5849;16688
5849;9261
5849;174
5849;2532
5849;11502
5849;17694
5849;2760
5849;4173
5849;2742
5849;18176
5849;11306
5849;2645
5849;9831
5849;4432
5849;64
5849;3834
5849;19482
5849;9584
5849;19483
5849;18725
5849;19464
5849;5313
5849;17619
5849;10731
5849;12042
5849;8201
5849;10942
5849;11854
5849;15454
5849;2318
5849;14777
5849;11540
5859;11502
5859;6876
5861;17159
5861;11502
5861;9371
5861;6137
5861;20050
5861;9384
5861;16882
5861;12876
5861;4595
5861;1464
5876;1502
5876;1367
5876;17361
5876;1967
5876;2760
5876;11502
5876;17159
5876;9831
5876;2034
5876;20185
5876;16242
5876;3645
5876;2742
5891;16842
5891;12506
5896;16203
5896;20743
5896;2034
5896;7121
5896;16373
5907;16242
5934;5861
5973;2149
5973;6707
5973;2760
5981;1967
5991;16242
5991;11503
5991;21006
6044;16688
6087;22110
6087;16242
6087;8471
6087;14247
6087;6876
6087;10750
6087;19535
6087;7137
6115;4595
6115;9831
6121;15454
6121;1176
6121;2072
6121;8294
6121;10111
6121;3981
6121;115
6121;18220
6121;9831
6121;10261
6137;3373
6137;263
6137;13508
6137;9597
6137;557
6137;1711
6137;5399
6137;19486
6137;16207
6137;505
6137;1753
6137;854
6137;1853
6137;3300
6137;15698
6137;1176
6137;2760
6137;17159
6137;64
6137;6707
6137;2742
6137;6876
6137;9261
6137;14181
6137;12895
6137;6137
6137;9831
6137;11854
6137;16882
6137;5861
6137;2318
6137;16118
6137;3801
6137;20050
6137;15407
6137;13509
6137;6531
6137;11460
6138;11540
6138;15766
6138;6214
614;3981
6144;6706
6144;2760
6196;17159
6196;19482
6196;2742
6196;3169
6196;322
6196;4820
6196;11721
6196;9384
6196;9261
6196;11502
6196;6876
6196;4376
6196;7087
6196;18176
6201;4376
6201;16242
6201;22110
6201;1691
6224;12642
6239;1367
6281;16242
6281;13327
6322;6322
6322;15557
6339;21487
6360;9831
6360;2760
64;19486
64;2318
64;2532
64;2079
64;1711
64;15698
64;16118
64;1464
64;11306
64;1691
64;5399
64;2608
64;6137
64;505
64;557
64;18220
64;11854
64;5849
64;2072
64;9831
64;14194
64;752
64;2742
64;19464
64;2760
64;19482
6401;21487
6463;11502
6463;9384
6463;17159
6463;3169
6512;8832
6516;16688
6531;2532
6531;9584
6531;18076
6531;6137
6531;20166
6531;15383
6531;15396
6535;1711
6535;10185
6535;10320
6535;18151
6609;9040
6660;1367
6660;16196
6660;5109
6670;16242
6674;16242
6674;12895
6679;18020
6693;15454
6706;15093
6706;14272
6706;814
6706;7087
6706;538
6707;6137
6707;1502
6707;2760
6707;1367
6707;2033
6707;18176
6707;2742
6707;2608
6707;2198
6707;11502
6707;493
6707;9597
673;752
6756;6975
6795;14763
6835;19293
6876;9597
6876;12038
6876;15393
6876;1753
6876;16532
6876;15698
6876;20533
6876;2034
6876;12037
6876;10111
6876;1176
6876;6137
6876;2760
6876;505
6876;557
6876;19464
6876;752
6876;18176
6876;11502
6876;9222
6876;18261
6876;9261
6876;6196
6877;8847
6877;7694
6877;10320
6877;12382
6884;1464
6884;64
6884;13722
693;5399
693;8294
693;10731
6930;16242
6930;17159
6930;3077
6933;18725
6935;11460
6937;13483
6937;19378
6937;2819
6937;4405
6937;11503
6937;2742
6937;19483
6937;16242
6937;3645
6975;117
6975;8294
6975;4376
6975;12506
6975;6937
6975;18500
6975;19712
6975;754
7005;5201
7027;8441
706;9597
706;18176
706;16242
706;6876
7087;15393
7087;17159
7087;5876
7087;2760
7087;557
7087;12895
7087;6196
7087;6876
7087;17950
7087;16242
7089;2608
7120;1176
7120;2760
7120;10111
7120;11721
7121;14073
7121;2760
7121;17694
7121;11502
7131;2760
7131;174
7131;557
7131;2742
7131;9831
7137;4471
7137;1711
7137;2978
7137;2742
7137;20157
7137;3373
7137;14181
7137;505
7137;5584
7137;20743
7137;2072
7137;3981
7137;2145
7137;4638
7137;8468
7137;2608
7137;14051
7137;19482
7137;10111
7137;11854
7137;115
7137;12037
7137;20050
7137;19464
7137;12131
7137;6087
716;752
718;718
7325;12449
7325;9222
7325;10137
7325;19483
7331;16242
7331;19483
734;16
734;21226
734;9597
734;796
734;557
734;1691
734;19482
734;2742
7341;12876
7376;20455
7403;9597
7403;557
7403;11721
7403;6196
7443;1711
7468;19712
754;18500
754;557
754;14208
754;14797
754;10551
754;14371
754;14194
7547;9222
7567;12506
757;1367
757;16242
757;14325
757;4806
757;2643
757;9831
757;11540
757;14194
757;1691
757;11377
757;8454
757;6876
757;5191
757;10860
7610;14208
7611;16242
7629;13401
7690;1608
7692;8690
7694;9584
7694;21020
7694;19464
7694;6877
7694;1464
7701;22110
7701;5191
7745;16242
784;8293
784;19486
784;12037
784;174
784;17694
784;2742
784;17047
784;557
784;2760
7859;17851
7919;12506
7919;13529
7919;21020
7919;16046
795;17159
796;2318
796;1425
796;1967
796;9597
796;1105
796;2017
796;2023
796;8604
796;3981
796;15897
796;2149
796;2198
796;3636
796;266
796;2095
796;1502
796;9304
796;1884
796;2608
796;1560
796;2490
796;20157
796;20728
796;1608
796;16532
796;9222
796;1367
796;17159
796;2072
796;18220
796;505
796;12038
796;1020
796;1464
796;10111
796;8294
796;19486
796;2116
796;20533
796;1853
796;2532
796;12037
796;11854
796;15393
796;5399
796;15698
796;3373
796;2033
796;1753
796;2034
796;17047
796;9261
796;17694
796;6137
796;3300
796;1711
796;6876
796;557
796;9831
796;2760
796;2742
7966;11502
7966;18176
7973;12506
798;798
798;11540
8002;10860
8002;21367
8005;18176
8005;9597
8005;2760
8005;6876
8005;3300
8063;2760
8063;16041
8087;2760
8112;13529
814;2760
814;6706
814;21020
814;5313
814;2643
814;16242
814;11540
814;2179
814;8602
8174;11502
8174;9384
8182;21116
8182;19267
8182;11377
8182;10159
8182;5242
8195;19482
8195;2760
8195;10137
8195;1711
8195;12131
8195;2318
8195;557
8195;2931
8195;10551
8195;3623
8195;9261
8195;4432
8195;9831
8201;10731
8201;19236
8201;5849
8201;493
8201;16046
8201;21006
8201;10320
8201;8969
8201;21116
8218;9831
8218;3623
8218;2742
8218;2760
8218;20372
8218;12506
8241;8602
8241;21367
8241;11069
8293;9597
8293;174
8293;557
8293;17694
8293;8294
8293;1464
8293;19482
8293;4596
8293;2742
8293;19486
8294;1464
8294;9597
8294;6876
8294;1715
8294;2608
8294;17047
8294;796
8294;12037
8294;174
8294;2618
8294;2072
8294;5399
8294;10111
8294;4595
8294;1176
8294;21226
8294;347
8294;9261
8294;17159
8294;3981
8294;754
8294;12131
8294;115
8294;13509
8294;1711
8294;2034
8294;9831
8294;2760
8294;19464
8294;557
8294;9384
8294;2742
8320;4376
8320;9831
8320;16242
8441;2760
8441;10137
8454;9401
8468;9261
8468;4638
8468;11540
8468;7137
8468;1967
8468;2608
8468;2742
8468;12876
8468;10731
8468;11854
8468;505
8468;3623
8468;4595
8468;5399
8468;12037
8468;115
8468;17694
8468;174
8468;1176
8468;7966
8468;15393
8468;12131
8468;3300
8468;9597
8468;752
8468;14371
8468;20627
8468;18220
8468;6137
8468;1720
8468;18176
8468;5876
8468;20743
8468;9831
8468;13921
8468;3169
8468;6196
8468;4820
8468;11721
8468;557
8468;13509
8468;2645
8468;9384
8468;1711
8468;2760
8468;11502
8468;6876
8468;17159
8468;19482
8468;2034
8471;16242
8471;6087
8473;20812
8473;17768
8473;15207
853;2608
853;1720
853;11502
853;6196
853;18176
854;6876
854;15897
854;557
854;115
854;20743
854;7859
8602;1464
8602;12895
8602;22006
8602;14312
8602;814
8602;3972
8602;14194
8602;10778
8602;13865
8602;13264
8602;15396
8602;10860
8602;11909
8602;8241
8602;21862
8602;13040
8604;2034
8604;557
8604;15698
8604;9597
8604;1731
8604;1753
8604;11502
8604;1884
8604;17159
8624;21448
8624;21487
8633;12449
8633;2017
8633;16242
8637;15553
8729;17091
8729;16242
8765;16242
8765;12895
8765;5191
8765;14194
8765;10860
8792;1367
8847;5447
8847;12506
8847;18190
8847;13040
8857;18844
8864;6137
8864;3300
8864;9597
8864;2198
8864;18176
8877;18190
8877;4743
8972;17013
9040;854
9040;16242
9040;19464
9060;8765
9074;11502
9141;7613
9150;2760
9150;10750
9150;16242
9172;2072
9172;5399
9198;16242
9198;13509
9198;10185
9198;9758
9198;14774
9222;5399
9222;2742
9222;10111
9222;15897
9222;7547
9222;2760
9222;9831
9222;8294
9222;6876
9228;5242
9228;64
9228;19267
9228;18020
9228;4638
9261;21552
9261;2023
9261;20157
9261;266
9261;12038
9261;2608
9261;796
9261;1020
9261;543
9261;3300
9261;1884
9261;20152
9261;9222
9261;12037
9261;1502
9261;1234
9261;20533
9261;2079
9261;1853
9261;11854
9261;16118
9261;16532
9261;115
9261;16688
9261;14194
9261;19482
9261;15698
9261;174
9261;944
9261;1464
9261;5849
9261;21487
9261;16207
9261;9597
9261;17694
9261;2532
9261;19486
9261;14181
9261;15454
9261;1176
9261;4820
9261;1753
9261;1691
9261;4595
9261;18176
9261;4638
9261;2198
9261;6137
9261;21448
9261;6707
9261;505
9261;19464
9261;10111
9261;2033
9261;2072
9261;11540
9261;16986
9261;10731
9261;5399
9261;2742
9261;21226
9261;1711
9261;12131
9261;1720
9261;752
9261;11721
9261;20743
9261;5210
9261;15393
9261;8294
9261;11502
9261;13509
9261;10138
9261;15398
9261;14208
9261;798
9261;3169
9261;6196
9261;8195
9261;19378
9261;3623
9261;4432
9261;557
9261;2760
9261;20397
9261;2034
9261;9831
9261;12895
9261;6876
9261;2318
9267;16242
9267;22110
9267;12895
9267;9150
9267;7456
9304;349
9304;12037
9304;2447
9304;12036
9304;6876
9304;1715
9304;1853
9304;796
9304;16532
9304;4638
9304;752
9304;1464
9304;944
9304;16688
9304;1691
9304;2742
9304;10111
9304;174
9304;8294
9304;9040
9304;12895
9346;14763
9346;12895
9346;9831
9346;9222
9346;19464
9346;10551
935;18176
9371;5861
9384;2198
9384;9597
9384;6463
9384;4820
9384;11721
9384;14371
9384;15393
9384;11502
9384;6196
9384;18176
9384;8294
9384;5861
9384;18261
944;2742
944;752
944;1691
944;5849
944;16688
944;19482
944;9831
944;6121
944;6876
944;64
944;2760
944;10111
9447;13343
9447;557
9468;2095
9468;6876
9468;10111
9468;9597
9468;19482
9468;557
9468;266
9493;18220
9493;10731
9493;4820
9493;10111
9584;9261
9584;1711
9584;1176
9584;6876
9584;13509
9584;2857
9584;5849
9584;2760
9584;10731
9584;19486
9584;9831
9584;117
9584;11540
9584;4020
9584;6531
9584;15454
9584;16242
9597;3373
9597;2318
9597;1464
9597;1502
9597;12037
9597;4173
9597;21552
9597;8294
9597;1715
9597;5399
9597;1884
9597;19486
9597;2051
9597;1020
9597;5085
9597;1425
9597;2023
9597;2424
9597;13508
9597;17047
9597;17159
9597;2608
9597;15698
9597;1753
9597;796
9597;2618
9597;8604
9597;6137
9597;2033
9597;505
9597;14208
9597;2742
9597;11721
9597;2034
9597;3300
9597;1176
9597;6876
9597;557
9597;17694
9597;20728
9597;1560
9597;9261
9597;11502
9597;20743
9597;20152
9597;1367
9597;1967
9597;2760
9597;4820
9597;9384
9597;15393
9634;6196
9664;6535
9672;10731
9707;5494
9727;2742
9727;1711
9727;174
9727;2760
9727;1558
9727;15571
9739;16242
9746;14247
9769;322
9776;16242
9831;15698
9831;8604
9831;2116
9831;1715
9831;13508
9831;1230
9831;20533
9831;5313
9831;2318
9831;2532
9831;944
9831;796
9831;12038
9831;174
9831;3373
9831;9261
9831;4173
9831;5168
9831;15897
9831;1691
9831;1853
9831;2424
9831;15454
9831;6137
9831;19486
9831;4432
9831;5399
9831;1720
9831;16532
9831;3981
9831;2033
9831;557
9831;64
9831;2072
9831;505
9831;10111
9831;4638
9831;752
9831;1176
9831;11854
9831;11306
9831;2742
9831;9222
9831;5849
9831;4820
9831;2760
9831;12037
9831;13509
9831;8294
9831;19482
9831;1711
9831;18220
9831;12131
9831;2931
9831;19464
9831;12895
9843;9261
9843;6835
9843;8468
9843;16242
9843;5111
9843;16046
9843;3077
9843;796
9848;9597
9848;2608
9848;11502
9848;4820
9861;16242
9861;21590
9861;13467
9867;16242
9903;16242
9914;14944
